Reference utilities of states:

(0,0): 1.0
(0,1): 0.65676564
(0,2): 0.50865287
(0,3): 0.39315128
(0,4): 0.30099532
(0,5): 0.2109567
(1,1): -1.0
(1,2): 0.2663745
(1,3): 0.29752943
(1,5): 0.13884655
(2,0): 1.0
(2,1): 0.688
(2,2): -1.0
(2,3): 0.09417101
(2,5): 0.115878604
(3,0): 0.8569857
(3,1): 1.0
(3,2): 0.688
(3,3): -1.0
(3,5): 0.18514931
(4,0): 0.8410758
(4,2): 1.0
(4,3): 0.688
(4,4): -1.0
(4,5): 0.26298368
(5,0): 1.0
(5,1): -1.0
(5,2): 0.8569857
(5,3): 1.0
(5,4): 0.65676564
(5,5): 0.50831336

